0 0.468585 0.586558 0.0648148 0.047619
1 0.338624 0.80692 0.0489418 0.046875
1 0.263889 0.210441 0.0720899 0.0572917
1 0.605159 0.416543 0.0496032 0.047371
1 0.326224 0.346354 0.0611772 0.0567956
1 0.442956 0.170883 0.073082 0.0639881
1 0.801091 0.252728 0.067791 0.0560516
0 0.261574 0.457589 0.0707672 0.0535714
0 0.374339 0.676711 0.0648148 0.0572917
0 0.385086 0.457961 0.0737434 0.0592758
0 0.726356 0.780382 0.0710979 0.047371
0 0.851025 0.679688 0.0684524 0.0558036
0 0.587136 0.799975 0.0545635 0.0399306
0 0.904266 0.524802 0.0611772 0.0555556
1 0.770668 0.447049 0.0658069 0.0493552
0 0.770007 0.446677 0.0684524 0.0500992
0 0.322751 0.344122 0.077381 0.0533234
0 0.601687 0.411954 0.0658069 0.046131
0 0.516204 0.490327 0.0720899 0.0555556
1 0.571925 0.28497 0.0770503 0.0684524
0 0.459491 0.383061 0.0644841 0.046379
0 0.659392 0.18564 0.0608466 0.0498512
0 0.453208 0.815228 0.0697751 0.0510913
0 0.0935847 0.565228 0.0621693 0.0446429
0 0.624504 0.707217 0.0552249 0.0493552
1 0.384921 0.457961 0.0562169 0.0538194
0 0.162368 0.299975 0.0542328 0.0285218
0 0.383102 0.558284 0.0578704 0.0401786
0 0.613095 0.502728 0.0608466 0.047123
0 0.339782 0.806796 0.0644841 0.0456349
0 0.257937 0.592634 0.0701058 0.0538194
0 0.491898 0.693204 0.0664683 0.0500992
0 0.451554 0.27877 0.0585317 0.0451389
1 0.132275 0.410094 0.0787037 0.0746528
0 0.704365 0.326141 0.0562169 0.0406746
0 0.577877 0.63058 0.0631614 0.0582837
0 0.870536 0.374628 0.0539021 0.0364583
0 0.7042 0.63058 0.0578704 0.0429067
0 0.758433 0.543403 0.0605159 0.0451389
0 0.147983 0.690724 0.0796958 0.0570436
