0 0.616733 0.411582 0.0628307 0.0438988
1 0.395172 0.453621 0.0601852 0.0580357
0 0.337302 0.343874 0.0707672 0.0553075
1 0.387235 0.674603 0.0667989 0.0585317
1 0.787037 0.446801 0.0641534 0.0582837
1 0.588128 0.283234 0.0697751 0.0709325
0 0.389054 0.674727 0.0737434 0.0553075
0 0.145337 0.408358 0.0869709 0.0682044
0 0.39666 0.454241 0.0757275 0.0523314
1 0.271164 0.459821 0.0740741 0.0590278
0 0.817626 0.249132 0.0830026 0.063244
0 0.452546 0.167907 0.0803571 0.062996
1 0.821263 0.250372 0.0763889 0.0815972
1 0.148148 0.40749 0.0753968 0.0615079
0 0.268188 0.593874 0.0720899 0.0567956
0 0.463624 0.816344 0.0681217 0.0453869
0 0.92328 0.523686 0.0707672 0.0523314
0 0.593254 0.627852 0.0575397 0.046875
0 0.598876 0.800595 0.0641534 0.0406746
0 0.528108 0.487847 0.0674603 0.0520833
0 0.27414 0.458209 0.0747354 0.0667163
1 0.631118 0.50248 0.0625 0.046131
1 0.505622 0.696925 0.0462963 0.0481151
0 0.676422 0.183904 0.0664683 0.061756
0 0.39418 0.556796 0.0595238 0.0421627
0 0.277778 0.208953 0.0714286 0.0696925
0 0.502976 0.695685 0.0654762 0.047123
1 0.336971 0.345114 0.0753968 0.0607639
0 0.641534 0.708209 0.0674603 0.0553075
0 0.745866 0.784226 0.0691138 0.0605159
1 0.450562 0.170139 0.0803571 0.0659722
0 0.105985 0.562252 0.0644841 0.047123
0 0.352017 0.807416 0.0605159 0.0453869
0 0.722718 0.321553 0.0532407 0.0429067
0 0.627811 0.499876 0.067791 0.0528274
0 0.787368 0.443452 0.0734127 0.0496032
1 0.269676 0.594494 0.0697751 0.0585317
0 0.893519 0.36942 0.0555556 0.0443948
0 0.720569 0.62996 0.0515873 0.0441468
0 0.17543 0.292907 0.0605159 0.0451389
0 0.77381 0.542907 0.0648148 0.0491071
0 0.477348 0.382937 0.0644841 0.0570436
0 0.163194 0.690104 0.0744048 0.0483631
