1 0.571594 0.780506 0.0545635 0.0486111
1 0.799934 0.268849 0.0628307 0.0496032
0 0.764716 0.4344 0.0684524 0.0508433
1 0.715112 0.766369 0.0605159 0.0491071
0 0.442295 0.159226 0.0796958 0.0669643
1 0.267857 0.217634 0.0634921 0.0498512
0 0.38955 0.448661 0.0608466 0.046131
0 0.677083 0.315104 0.0585317 0.0434028
1 0.838624 0.662202 0.0687831 0.0545635
1 0.602679 0.403894 0.0631614 0.0488591
1 0.560185 0.290427 0.0667989 0.0570436
0 0.518849 0.485863 0.0575397 0.0401786
0 0.292163 0.35057 0.0638228 0.0488591
1 0.617725 0.473834 0.0661376 0.0582837
0 0.125992 0.399926 0.0667989 0.0513393
1 0.372355 0.658482 0.0681217 0.0565476
0 0.612434 0.68378 0.0462963 0.0510913
0 0.264385 0.21627 0.0717593 0.0530754
0 0.477679 0.58817 0.0539021 0.0394345
0 0.654266 0.185764 0.0611772 0.0481151
0 0.902282 0.517857 0.067791 0.0510913
0 0.264385 0.457837 0.0545635 0.0352183
0 0.759259 0.53249 0.0654762 0.047123
0 0.44957 0.795263 0.0658069 0.0488591
0 0.405754 0.292907 0.0568783 0.0406746
0 0.561177 0.291543 0.0747354 0.0577877
0 0.459821 0.373512 0.0492725 0.0381944
0 0.573247 0.780754 0.0618386 0.0421627
0 0.486607 0.674107 0.0558862 0.0491071
0 0.602183 0.403894 0.0568783 0.0414186
0 0.795635 0.268105 0.0694444 0.0510913
0 0.704861 0.612971 0.0598545 0.0374504
0 0.241898 0.740327 0.0710979 0.0560516
0 0.340278 0.783482 0.0608466 0.0456349
1 0.904266 0.519221 0.0691138 0.061756
0 0.576058 0.591022 0.0727513 0.0560516
0 0.277612 0.583457 0.0618386 0.0612599
0 0.880952 0.365947 0.0628307 0.046875
0 0.173611 0.292907 0.0568783 0.0431548
0 0.709491 0.765253 0.0823413 0.0582837
0 0.397487 0.548239 0.0542328 0.0364583
0 0.180886 0.657986 0.0621693 0.0545635
0 0.121197 0.541419 0.0605159 0.0416667
