1 0.847388 0.658606 0.0664683 0.0612599
0 0.292163 0.345982 0.0638228 0.0530754
1 0.123347 0.397693 0.0608466 0.0493552
0 0.244709 0.738219 0.0628307 0.0642361
0 0.766038 0.530134 0.0658069 0.0478671
0 0.263889 0.209573 0.0681217 0.0500992
1 0.917989 0.515749 0.0634921 0.0513393
1 0.392526 0.446305 0.0615079 0.0513393
1 0.804563 0.257564 0.0641534 0.0513393
1 0.582341 0.586062 0.0634921 0.0496032
0 0.626157 0.472718 0.0552249 0.0540675
0 0.387731 0.444692 0.0777116 0.0540675
0 0.268849 0.455729 0.0575397 0.0364583
0 0.479332 0.584325 0.0433201 0.0372024
1 0.373016 0.656374 0.0674603 0.0572917
0 0.773644 0.432044 0.0710979 0.062004
1 0.770999 0.428695 0.0684524 0.0548115
1 0.769511 0.530258 0.0634921 0.0520833
0 0.659557 0.175099 0.0631614 0.0491071
1 0.521164 0.484003 0.0529101 0.0508433
0 0.174438 0.287574 0.057209 0.0369544
0 0.618056 0.684276 0.0595238 0.0486111
1 0.403439 0.543527 0.0628307 0.0483631
0 0.441964 0.151662 0.0697751 0.0577877
0 0.58168 0.590154 0.0727513 0.0553075
0 0.681878 0.307788 0.0562169 0.0486111
1 0.562335 0.282118 0.073082 0.0582837
0 0.404762 0.286582 0.0529101 0.0404266
0 0.454034 0.795511 0.0648148 0.0483631
0 0.486772 0.672991 0.0641534 0.0533234
0 0.705522 0.612847 0.0578704 0.0441468
0 0.891038 0.360119 0.0605159 0.046131
0 0.460483 0.3688 0.0598545 0.0451389
0 0.341931 0.784226 0.0667989 0.0496032
0 0.520999 0.483383 0.0631614 0.0491071
0 0.575562 0.781622 0.0671296 0.0483631
0 0.397817 0.544767 0.0674603 0.0409226
1 0.71875 0.767237 0.0644841 0.0558036
0 0.180721 0.65563 0.0618386 0.046379
0 0.277943 0.580481 0.0658069 0.0587798
0 0.914352 0.515005 0.0806878 0.0582837
0 0.604663 0.399926 0.0605159 0.0438988
0 0.717097 0.765749 0.0816799 0.0577877
0 0.123181 0.540675 0.0618386 0.0421627
