1 0.896825 0.527778 0.0628307 0.0481151
1 0.284888 0.357515 0.0644841 0.0612599
1 0.235615 0.747024 0.0532407 0.0520833
1 0.115245 0.407986 0.067791 0.0580357
1 0.754795 0.446305 0.0631614 0.0453869
0 0.266038 0.589906 0.0671296 0.0518353
0 0.705192 0.774554 0.0664683 0.0520833
1 0.368221 0.667907 0.0539021 0.0515873
0 0.165179 0.304315 0.0565476 0.030754
0 0.559524 0.787946 0.0595238 0.0436508
1 0.434358 0.170263 0.0591931 0.0558036
1 0.547123 0.296627 0.0704365 0.0570436
1 0.454696 0.381944 0.0509259 0.0510913
0 0.612103 0.484499 0.0747354 0.063244
0 0.568618 0.599082 0.0638228 0.0533234
0 0.1708 0.662078 0.0651455 0.047371
1 0.609788 0.479787 0.0634921 0.0548115
1 0.374669 0.454737 0.0648148 0.0538194
0 0.786045 0.27505 0.0681217 0.0540675
0 0.43006 0.170387 0.073082 0.0550595
0 0.890873 0.524058 0.0648148 0.0530754
0 0.479828 0.6844 0.0628307 0.0602679
0 0.252149 0.224082 0.0651455 0.0498512
0 0.591105 0.412822 0.0578704 0.0424107
0 0.605655 0.691964 0.0697751 0.0486111
0 0.393849 0.300099 0.0535714 0.030754
0 0.378638 0.459201 0.0760582 0.063244
0 0.692956 0.618676 0.051918 0.0443948
0 0.662533 0.323537 0.0558862 0.0404266
0 0.232804 0.746032 0.0601852 0.0496032
0 0.362269 0.669643 0.0671296 0.0515873
0 0.750661 0.540799 0.0608466 0.0443948
0 0.390212 0.554936 0.0515873 0.0379464
0 0.258102 0.465278 0.0611772 0.0411706
0 0.827712 0.671627 0.0654762 0.047123
0 0.464782 0.597098 0.0585317 0.0394345
0 0.868552 0.371776 0.0618386 0.0436508
0 0.443783 0.807292 0.0634921 0.0625
0 0.754464 0.442212 0.0631614 0.0486111
0 0.452712 0.381572 0.0608466 0.0419147
0 0.329696 0.790923 0.0608466 0.0411706
0 0.642692 0.193204 0.0737434 0.0530754
0 0.506779 0.491691 0.0664683 0.047371
0 0.109623 0.550719 0.0525794 0.0359623
