1 0.611772 0.491443 0.0681217 0.0523314
1 0.37748 0.47123 0.0598545 0.0510913
1 0.649306 0.195685 0.0539021 0.0520833
1 0.282407 0.373512 0.0489418 0.0520833
1 0.88922 0.529886 0.0595238 0.0533234
0 0.439319 0.165923 0.0704365 0.0689484
1 0.105489 0.422371 0.0747354 0.0704365
0 0.359127 0.687252 0.0667989 0.047619
0 0.497851 0.505828 0.0651455 0.0429067
0 0.104663 0.422371 0.0710979 0.0545635
1 0.566964 0.304563 0.0611772 0.0585317
0 0.871528 0.378224 0.0605159 0.0441468
1 0.358796 0.683656 0.0661376 0.0567956
1 0.799438 0.290923 0.0631614 0.0456349
0 0.691468 0.331969 0.0588624 0.0488591
1 0.557044 0.611979 0.067791 0.0607639
1 0.436012 0.168279 0.073082 0.0562996
0 0.458499 0.612351 0.0539021 0.0421627
0 0.825728 0.680308 0.0601852 0.0515873
0 0.758433 0.445188 0.0578704 0.0451389
0 0.695767 0.775298 0.0535714 0.0535714
0 0.597388 0.706349 0.0631614 0.0441468
0 0.158069 0.683656 0.0628307 0.0458829
0 0.261409 0.230779 0.0717593 0.0503472
0 0.279762 0.370784 0.0727513 0.0520833
0 0.891369 0.530258 0.067791 0.0545635
0 0.431548 0.822545 0.0615079 0.0503472
0 0.467758 0.699405 0.0539021 0.047619
0 0.0816799 0.571801 0.0542328 0.0399306
0 0.555886 0.615451 0.0839947 0.0607639
0 0.161045 0.316964 0.0628307 0.0441468
0 0.373843 0.468254 0.0803571 0.0575397
0 0.554894 0.799851 0.0575397 0.0421627
0 0.741898 0.544519 0.067791 0.0518353
0 0.219742 0.768477 0.0744048 0.0503472
0 0.460317 0.390129 0.0601852 0.0431548
0 0.593089 0.417535 0.0585317 0.0438988
0 0.373181 0.568452 0.0605159 0.0426587
0 0.684855 0.630084 0.0529101 0.0374504
0 0.611276 0.491319 0.078373 0.0570436
0 0.647487 0.192584 0.0720899 0.0523314
0 0.409061 0.308408 0.0687831 0.047371
1 0.220569 0.770585 0.0555556 0.0659722
0 0.310351 0.815352 0.0664683 0.047371
0 0.24752 0.481771 0.0611772 0.0414186
