0 0.966435 0.463294 0.0671296 0.046131
1 0.416171 0.34003 0.0598545 0.0496032
0 0.299934 0.253224 0.0628307 0.047619
1 0.376323 0.722346 0.0813492 0.0647321
0 0.802083 0.439856 0.0717593 0.0503472
1 0.320437 0.581721 0.0634921 0.046379
0 0.93254 0.253596 0.0767196 0.0538194
1 0.883102 0.633681 0.0763889 0.0659722
0 0.593419 0.75558 0.0539021 0.0493552
1 0.238426 0.472346 0.0535714 0.0562996
1 0.467758 0.61818 0.0605159 0.0443948
0 0.793816 0.159722 0.0757275 0.0580357
0 0.580688 0.115823 0.077381 0.0605159
1 0.464947 0.515253 0.0793651 0.0562996
0 0.125496 0.573661 0.067791 0.0550595
1 0.464286 0.209945 0.0780423 0.0602679
0 0.321098 0.581225 0.0701058 0.0587798
0 0.0489418 0.429936 0.0793651 0.0706845
0 0.95205 0.559772 0.0555556 0.0431548
1 0.683862 0.372396 0.0727513 0.0503472
0 0.952381 0.364955 0.0681217 0.0483631
0 0.517361 0.331101 0.088955 0.0595238
1 0.770337 0.528646 0.0750661 0.0597718
1 0.247189 0.347222 0.0823413 0.062004
0 0.605985 0.226935 0.0631614 0.047619
1 0.5167 0.330357 0.073082 0.0664683
0 0.674603 0.455233 0.0608466 0.0478671
0 0.373181 0.119916 0.0684524 0.0488591
0 0.240245 0.468378 0.0790344 0.0523314
0 0.824405 0.334697 0.0634921 0.0513393
0 0.414848 0.340154 0.0744048 0.0493552
0 0.464947 0.616815 0.0634921 0.047619
0 0.227183 0.666667 0.0542328 0.0441468
0 0.602348 0.522693 0.0611772 0.0389385
0 0.755456 0.6906 0.0790344 0.0528274
0 0.714947 0.268973 0.0641534 0.0458829
0 0.654762 0.615575 0.0806878 0.0560516
0 0.1083 0.267113 0.0777116 0.0545635
0 0.523644 0.417907 0.0658069 0.046627
0 0.25711 0.165551 0.073082 0.0518353
0 0.356812 0.440972 0.0734127 0.0496032
