0 0.818122 0.334077 0.0714286 0.0540675
1 0.456184 0.62314 0.0532407 0.0607639
1 0.575397 0.108631 0.0701058 0.0560516
0 0.594081 0.226066 0.0598545 0.0488591
0 0.950066 0.56498 0.0760582 0.0441468
0 0.926918 0.252604 0.0701058 0.0503472
0 0.403439 0.33817 0.0575397 0.0533234
1 0.750496 0.694816 0.0598545 0.0528274
1 0.649471 0.618552 0.0760582 0.0570436
1 0.454034 0.520709 0.0720899 0.0672123
0 0.460152 0.209945 0.0757275 0.0582837
1 0.880126 0.641493 0.0882936 0.0518353
1 0.235284 0.348338 0.0816799 0.0721726
1 0.308036 0.578745 0.0717593 0.062252
0 0.310681 0.583085 0.0849868 0.0679564
1 0.221561 0.669891 0.0502645 0.046131
0 0.291005 0.25062 0.0548942 0.0453869
0 0.588294 0.758433 0.0641534 0.0550595
0 0.11078 0.578621 0.0760582 0.0649802
0 0.595403 0.52443 0.051918 0.0414186
0 0.510251 0.332341 0.0833333 0.0649802
1 0.765542 0.531002 0.0853175 0.0585317
0 0.663194 0.454241 0.0777116 0.0508433
0 0.964286 0.467138 0.0714286 0.0508433
0 0.227348 0.469122 0.0671296 0.0503472
1 0.518353 0.420387 0.0558862 0.0595238
1 0.505456 0.329985 0.0717593 0.0587798
1 0.368386 0.728175 0.0753968 0.0590278
0 0.796131 0.440972 0.0777116 0.0496032
1 0.678241 0.372396 0.077381 0.0543155
0 0.646329 0.617808 0.0869709 0.062004
1 0.0378638 0.431548 0.0691138 0.0560516
0 0.747189 0.69246 0.0849868 0.0590278
0 0.454034 0.516369 0.0839947 0.0610119
0 0.362269 0.11942 0.0625 0.0513393
0 0.880952 0.641245 0.0952381 0.062252
0 0.0944114 0.266245 0.0770503 0.0488591
0 0.515212 0.418899 0.0727513 0.0486111
0 0.709821 0.268353 0.0684524 0.0491071
0 0.946759 0.365203 0.0753968 0.0513393
0 0.456019 0.617684 0.0667989 0.046379
0 0.345899 0.441716 0.0767196 0.0515873
0 0.218585 0.666295 0.0674603 0.0438988
