1 0.37748 0.673983 0.0697751 0.0543155
1 0.729663 0.778522 0.0644841 0.0535714
1 0.387566 0.555432 0.0462963 0.0443948
0 0.261243 0.455853 0.0727513 0.0525794
0 0.265708 0.207093 0.0737434 0.0555556
0 0.37748 0.671007 0.0757275 0.0567956
0 0.462798 0.381448 0.0658069 0.047123
0 0.441634 0.167163 0.0830026 0.0649802
0 0.387731 0.455729 0.0691138 0.0548115
1 0.268353 0.209325 0.0578704 0.0535714
0 0.852844 0.675099 0.0615079 0.0500992
0 0.452712 0.274182 0.0608466 0.0458829
0 0.151786 0.690476 0.0681217 0.0540675
0 0.905093 0.522693 0.0661376 0.0508433
1 0.572586 0.282738 0.0710979 0.0654762
1 0.443122 0.166295 0.0734127 0.0746528
1 0.385913 0.456349 0.0595238 0.0545635
0 0.603836 0.411086 0.0608466 0.0478671
0 0.615575 0.499008 0.0565476 0.0421627
0 0.0939153 0.56374 0.0575397 0.0357143
0 0.476356 0.582589 0.0558862 0.0491071
0 0.723876 0.774182 0.0674603 0.0548115
0 0.772983 0.44184 0.0770503 0.0503472
1 0.13244 0.407118 0.0763889 0.0696925
0 0.578869 0.626488 0.0605159 0.0496032
0 0.705192 0.323661 0.0552249 0.0391865
0 0.626323 0.701637 0.0634921 0.0481151
1 0.771495 0.445064 0.0615079 0.047371
0 0.659226 0.182788 0.0671296 0.0510913
0 0.875331 0.368428 0.0687831 0.0523314
0 0.339947 0.802951 0.0608466 0.0429067
0 0.326554 0.341766 0.0816799 0.0520833
0 0.384425 0.5563 0.0558862 0.0401786
0 0.493717 0.691096 0.0687831 0.0518353
0 0.589947 0.793775 0.0608466 0.0424107
0 0.70668 0.627604 0.0582011 0.0374504
0 0.16336 0.296751 0.0588624 0.0409226
0 0.260747 0.59065 0.0671296 0.0478671
0 0.759921 0.541295 0.0654762 0.0453869
