1 0.783895 0.418031 0.0625 0.0528274
1 0.35582 0.431052 0.0601852 0.0600198
0 0.197255 0.728423 0.0744048 0.047619
1 0.301587 0.142981 0.0601852 0.0553075
0 0.444775 0.128348 0.0681217 0.0553075
0 0.72123 0.303695 0.0674603 0.0558036
0 0.426422 0.331721 0.0644841 0.0448909
1 0.442956 0.125372 0.0618386 0.0513393
0 0.55754 0.31312 0.0555556 0.047371
0 0.237103 0.386905 0.0489418 0.0332341
0 0.667659 0.53683 0.0621693 0.0434028
0 0.293155 0.604415 0.0611772 0.046627
0 0.115741 0.289807 0.0496032 0.0374504
0 0.0621693 0.390873 0.0787037 0.0515873
0 0.526455 0.78063 0.0654762 0.0508433
1 0.605985 0.660094 0.0750661 0.0726686
0 0.886574 0.597842 0.0621693 0.0528274
0 0.0907738 0.624256 0.067791 0.0520833
1 0.771495 0.594866 0.0548942 0.0503472
0 0.883763 0.356151 0.0664683 0.0535714
0 0.0496032 0.508433 0.0548942 0.047619
1 0.89881 0.479539 0.0800265 0.0548115
0 0.691468 0.750248 0.0621693 0.0491071
1 0.238095 0.508557 0.0667989 0.0612599
0 0.623677 0.113591 0.0542328 0.0446429
0 0.2958 0.143477 0.067791 0.0503472
1 0.278108 0.296875 0.0727513 0.0535714
0 0.773479 0.592758 0.0701058 0.0486111
0 0.520999 0.548239 0.0539021 0.0404266
0 0.173942 0.195188 0.0535714 0.0421627
0 0.461971 0.640129 0.0720899 0.046627
0 0.50744 0.443948 0.0611772 0.0481151
0 0.8125 0.691468 0.0839947 0.062996
0 0.525628 0.218874 0.0578704 0.0429067
0 0.381944 0.516989 0.0595238 0.0429067
0 0.779266 0.417535 0.0750661 0.0518353
0 0.377645 0.741071 0.0714286 0.0500992
