1 0.669478 0.417163 0.0578704 0.0456349
1 0.612765 0.673239 0.0595238 0.0572917
0 0.609954 0.671131 0.0770503 0.0580357
1 0.439319 0.145337 0.067791 0.0510913
0 0.509094 0.463294 0.0492725 0.0486111
1 0.466931 0.656994 0.0760582 0.0525794
0 0.427249 0.350446 0.0509259 0.046131
0 0.43998 0.144097 0.0823413 0.0570436
1 0.284888 0.319568 0.0585317 0.0567956
1 0.537037 0.797495 0.0548942 0.0533234
1 0.356978 0.450893 0.0605159 0.0515873
0 0.819444 0.704489 0.0707672 0.0548115
0 0.358466 0.452753 0.0674603 0.0503472
1 0.240245 0.52753 0.0684524 0.0625
1 0.622189 0.13182 0.0499339 0.0513393
1 0.702877 0.769345 0.0525794 0.0500992
0 0.559855 0.330977 0.0615079 0.0438988
0 0.241898 0.531498 0.0763889 0.0699405
0 0.892692 0.609375 0.0717593 0.0500992
1 0.0641534 0.408482 0.0740741 0.0560516
0 0.782407 0.432912 0.0634921 0.0592758
0 0.297454 0.6219 0.0625 0.0458829
0 0.665013 0.416543 0.0628307 0.0384425
0 0.524636 0.565724 0.057209 0.0411706
0 0.0972222 0.646205 0.0806878 0.0548115
1 0.818948 0.705357 0.0638228 0.0590278
0 0.698909 0.768229 0.067791 0.0483631
1 0.719246 0.319444 0.0628307 0.0555556
0 0.524802 0.236607 0.0615079 0.046627
0 0.777116 0.608135 0.0694444 0.0535714
0 0.386739 0.759673 0.0598545 0.0481151
0 0.293816 0.164311 0.0671296 0.0523314
0 0.669147 0.549851 0.0644841 0.0491071
0 0.280423 0.318204 0.0800265 0.0565476
0 0.388062 0.53683 0.0512566 0.0364583
1 0.902447 0.492684 0.0701058 0.062748
0 0.378968 0.257192 0.0661376 0.0550595
0 0.0558862 0.529762 0.0582011 0.0436508
0 0.534226 0.795883 0.0618386 0.0520833
0 0.205688 0.748264 0.0621693 0.0486111
0 0.174272 0.217634 0.0634921 0.0434028
0 0.620205 0.13058 0.0565476 0.0419147
0 0.242394 0.407118 0.0595238 0.0394345
0 0.718254 0.317212 0.0767196 0.0505952
0 0.881118 0.366815 0.0717593 0.0500992
