1 0.121362 0.396577 0.0667989 0.0520833
0 0.772817 0.427579 0.0595238 0.0570436
0 0.265046 0.452381 0.057209 0.0396825
0 0.581019 0.584945 0.0747354 0.062748
0 0.560847 0.280134 0.0820106 0.0553075
1 0.913029 0.505952 0.0615079 0.0555556
1 0.771495 0.425347 0.0681217 0.0550595
0 0.767526 0.524182 0.0588624 0.047371
0 0.912698 0.509673 0.0674603 0.0625
0 0.439484 0.147445 0.0720899 0.0528274
1 0.405919 0.28373 0.0578704 0.0451389
1 0.562004 0.27939 0.0737434 0.0572917
1 0.403605 0.541667 0.0618386 0.0481151
1 0.374669 0.653646 0.0654762 0.0548115
0 0.245536 0.733631 0.0552249 0.0570436
0 0.625496 0.467262 0.0803571 0.0570436
1 0.627645 0.468626 0.0701058 0.0582837
1 0.466105 0.366567 0.0598545 0.0441468
1 0.38707 0.445064 0.0565476 0.0523314
0 0.292659 0.345734 0.0727513 0.0496032
0 0.888228 0.357267 0.0535714 0.0443948
0 0.574239 0.775298 0.0611772 0.0416667
1 0.620536 0.680556 0.057209 0.0545635
1 0.52166 0.481523 0.0558862 0.0528274
0 0.460813 0.366567 0.0691138 0.046627
0 0.260747 0.207837 0.0664683 0.047123
0 0.398975 0.543403 0.0605159 0.0391865
0 0.376819 0.658482 0.0717593 0.0669643
0 0.657077 0.174975 0.0529101 0.0493552
1 0.57953 0.580233 0.0658069 0.0508433
1 0.804067 0.257688 0.0631614 0.0585317
0 0.278274 0.577877 0.0664683 0.0550595
0 0.60119 0.396701 0.0661376 0.0443948
0 0.708995 0.609375 0.0707672 0.0456349
0 0.387235 0.441716 0.0760582 0.0530754
0 0.407573 0.282986 0.0704365 0.0421627
0 0.480159 0.584697 0.0641534 0.0518353
0 0.845734 0.657986 0.0638228 0.0610119
0 0.123181 0.540551 0.0625 0.0424107
0 0.68006 0.305928 0.0558862 0.0443948
0 0.169312 0.288318 0.0482804 0.0349702
0 0.619048 0.68068 0.0588624 0.0458829
0 0.521495 0.480903 0.0628307 0.047123
0 0.490741 0.667287 0.0667989 0.0498512
0 0.180721 0.653522 0.0625 0.047123
0 0.341931 0.781994 0.0634921 0.047123
0 0.457011 0.791419 0.0681217 0.046627
