0 0.726852 0.780506 0.0641534 0.0560516
1 0.515377 0.485615 0.0618386 0.0555556
0 0.261905 0.456845 0.0727513 0.0555556
1 0.32705 0.34623 0.0595238 0.0520833
1 0.800761 0.252356 0.0704365 0.0558036
0 0.43998 0.170263 0.0843254 0.0582837
0 0.376653 0.673735 0.0674603 0.0562996
1 0.440476 0.169767 0.0707672 0.0736607
0 0.386243 0.457713 0.0734127 0.0572917
0 0.456349 0.810764 0.0634921 0.047123
1 0.265542 0.21317 0.0740741 0.0726686
0 0.58664 0.798363 0.0582011 0.0381944
0 0.0952381 0.563988 0.0654762 0.046627
0 0.76918 0.44494 0.0681217 0.0515873
0 0.603009 0.411706 0.0598545 0.0421627
0 0.471892 0.586682 0.0542328 0.0429067
1 0.384755 0.457837 0.0591931 0.0545635
1 0.571925 0.284722 0.073082 0.0684524
0 0.624669 0.706473 0.0555556 0.0498512
0 0.614583 0.499876 0.0591931 0.0448909
0 0.659392 0.18502 0.0661376 0.0510913
0 0.460483 0.383061 0.0684524 0.046875
0 0.850694 0.678695 0.0717593 0.0592758
0 0.903605 0.525174 0.0618386 0.0513393
0 0.451389 0.277902 0.0608466 0.0453869
0 0.324074 0.343502 0.0747354 0.0525794
0 0.577546 0.628224 0.0631614 0.0560516
1 0.770668 0.445933 0.0691138 0.0515873
1 0.13211 0.410342 0.078373 0.0741567
0 0.87252 0.37438 0.0539021 0.0404266
0 0.702546 0.324281 0.0618386 0.047371
0 0.383929 0.55754 0.0582011 0.0436508
0 0.340774 0.804936 0.0631614 0.0414186
0 0.25959 0.592386 0.0667989 0.0508433
0 0.704861 0.629216 0.0585317 0.0426587
0 0.162533 0.298735 0.0591931 0.0419147
0 0.493056 0.691716 0.0701058 0.0491071
0 0.758433 0.542163 0.0618386 0.046131
0 0.151455 0.6906 0.0740741 0.0523314
