1 0.374669 0.677455 0.0648148 0.0582837
1 0.871858 0.382192 0.051918 0.0456349
1 0.609954 0.503472 0.0658069 0.0505952
1 0.76918 0.450397 0.0701058 0.0496032
1 0.453208 0.819072 0.051918 0.0483631
1 0.329696 0.352803 0.0654762 0.0553075
1 0.570767 0.297123 0.0575397 0.0634921
0 0.440311 0.178695 0.0777116 0.0602679
0 0.325562 0.350322 0.0605159 0.0572917
1 0.470403 0.59313 0.0611772 0.0483631
1 0.168155 0.304439 0.0611772 0.0488591
0 0.258102 0.595486 0.0671296 0.0540675
1 0.33879 0.810392 0.0486111 0.0533234
1 0.452712 0.284226 0.0568783 0.0550595
0 0.261078 0.463666 0.0684524 0.0513393
0 0.702546 0.332713 0.0591931 0.0438988
1 0.70453 0.332341 0.0552249 0.0456349
0 0.165675 0.304688 0.0641534 0.0453869
0 0.703704 0.634921 0.0548942 0.0381944
0 0.467758 0.592882 0.0684524 0.0438988
0 0.383763 0.563368 0.0532407 0.0339782
1 0.797784 0.258929 0.078373 0.0565476
0 0.337963 0.80878 0.0608466 0.0491071
0 0.724868 0.783482 0.0701058 0.0496032
0 0.848214 0.684276 0.0720899 0.0615079
1 0.437004 0.180804 0.0737434 0.0585317
1 0.604332 0.419767 0.0539021 0.0518353
0 0.26455 0.219246 0.0727513 0.0555556
0 0.452712 0.283234 0.0621693 0.0505952
1 0.267857 0.219618 0.0608466 0.0538194
0 0.62037 0.710938 0.0608466 0.0498512
0 0.375827 0.68068 0.0717593 0.063244
0 0.487765 0.699033 0.0648148 0.0528274
0 0.874504 0.381076 0.0651455 0.0508433
0 0.458664 0.391121 0.0588624 0.0446429
0 0.613426 0.507937 0.0687831 0.0555556
0 0.585317 0.805308 0.0575397 0.0421627
1 0.135747 0.416791 0.078373 0.0711806
0 0.599041 0.420387 0.0638228 0.0451389
0 0.57672 0.633929 0.0667989 0.0639881
0 0.753638 0.549727 0.0628307 0.047371
0 0.0958995 0.570685 0.0575397 0.0406746
0 0.512566 0.492063 0.0747354 0.0545635
0 0.150132 0.692584 0.0687831 0.0508433
0 0.657242 0.192584 0.0618386 0.0498512
0 0.450397 0.816964 0.0707672 0.0505952
