0 0.580026 0.609623 0.0787037 0.0689484
1 0.771329 0.451761 0.0684524 0.0538194
1 0.911376 0.53373 0.0641534 0.0580357
1 0.768022 0.552951 0.0605159 0.046875
1 0.373016 0.677207 0.0667989 0.0572917
1 0.391204 0.464658 0.0681217 0.0523314
1 0.488426 0.696429 0.0529101 0.0605159
1 0.803241 0.282614 0.0707672 0.0553075
0 0.266038 0.230903 0.0757275 0.0555556
0 0.772983 0.453497 0.0651455 0.0572917
1 0.628803 0.493304 0.0631614 0.0555556
0 0.244709 0.759177 0.0707672 0.0595238
0 0.658234 0.201141 0.0558862 0.0545635
1 0.619378 0.705729 0.0555556 0.0518353
0 0.443287 0.175223 0.0658069 0.0582837
0 0.91121 0.537822 0.0585317 0.0642361
0 0.173776 0.312872 0.0512566 0.0389385
0 0.463294 0.389757 0.0648148 0.0448909
0 0.293816 0.371032 0.0611772 0.0540675
0 0.403108 0.562376 0.0548942 0.0359623
0 0.264385 0.475074 0.057209 0.0409226
0 0.276786 0.59933 0.0608466 0.046875
0 0.626653 0.492063 0.0760582 0.0535714
0 0.375 0.681052 0.0734127 0.0634921
1 0.566303 0.307044 0.0638228 0.0664683
0 0.573413 0.800471 0.0588624 0.0414186
0 0.707507 0.634797 0.0625 0.0394345
0 0.479167 0.609003 0.0641534 0.0513393
0 0.847057 0.684648 0.0697751 0.0602679
0 0.88922 0.381944 0.0648148 0.0491071
0 0.120701 0.56064 0.0568783 0.0419147
1 0.453869 0.819816 0.0611772 0.0582837
1 0.57705 0.604415 0.0701058 0.0600198
0 0.125165 0.418279 0.0724206 0.0498512
0 0.521329 0.504464 0.0565476 0.0441468
0 0.339947 0.805556 0.0601852 0.0426587
0 0.177414 0.674107 0.0585317 0.0426587
0 0.408234 0.30816 0.0644841 0.046875
0 0.389716 0.465526 0.0763889 0.0540675
0 0.605489 0.418527 0.0654762 0.047371
0 0.61756 0.707341 0.0618386 0.0496032
0 0.487765 0.69246 0.0701058 0.0520833
0 0.680721 0.330481 0.0591931 0.0458829
0 0.453538 0.816592 0.0724206 0.0538194
