1 0.495205 0.141245 0.0724206 0.0587798
1 0.219411 0.747892 0.057209 0.0647321
1 0.3583 0.664062 0.0697751 0.0582837
0 0.621528 0.484375 0.073082 0.0545635
1 0.90377 0.534598 0.0681217 0.0543155
1 0.442295 0.809772 0.0664683 0.0515873
0 0.304067 0.195561 0.0710979 0.0577877
1 0.838128 0.297247 0.0565476 0.0513393
1 0.704034 0.185764 0.0535714 0.0545635
0 0.501488 0.492063 0.0671296 0.0436508
0 0.895007 0.380332 0.0710979 0.0503472
1 0.11045 0.376488 0.0667989 0.0625
0 0.442295 0.812872 0.0591931 0.0538194
0 0.775794 0.448537 0.0641534 0.0538194
0 0.220073 0.74566 0.0770503 0.0543155
1 0.617725 0.484499 0.0568783 0.0582837
1 0.298942 0.338046 0.0727513 0.0530754
0 0.842593 0.690352 0.0793651 0.0597718
1 0.380787 0.446429 0.0565476 0.0491071
0 0.721726 0.325025 0.0625 0.0503472
0 0.606316 0.41183 0.0512566 0.0434028
0 0.111938 0.380456 0.083664 0.0659722
1 0.561508 0.608755 0.0727513 0.0562996
0 0.692295 0.634177 0.0611772 0.046131
0 0.250496 0.582961 0.0737434 0.0612599
0 0.0706019 0.538318 0.0558862 0.0424107
1 0.304233 0.197173 0.0701058 0.0610119
0 0.840774 0.292783 0.0744048 0.0533234
0 0.751157 0.549479 0.057209 0.0448909
0 0.154101 0.65315 0.0654762 0.0503472
0 0.494874 0.141245 0.0816799 0.0572917
0 0.377976 0.443328 0.0780423 0.0553075
1 0.59871 0.284474 0.0750661 0.0644841
1 0.250992 0.582713 0.0628307 0.0612599
0 0.572421 0.803447 0.0601852 0.0488591
0 0.318618 0.796751 0.0605159 0.0434028
0 0.613426 0.708953 0.0628307 0.0572917
0 0.186508 0.274678 0.0515873 0.0354663
0 0.715278 0.790923 0.0873016 0.0615079
0 0.458995 0.593998 0.0568783 0.0446429
0 0.441634 0.282366 0.0691138 0.0429067
0 0.249008 0.442956 0.0568783 0.0446429
0 0.474041 0.366691 0.0651455 0.0528274
0 0.368552 0.548983 0.0558862 0.0409226
0 0.356978 0.666047 0.078373 0.0523314
0 0.475529 0.69122 0.0753968 0.0545635
