0 0.676587 0.3125 0.0542328 0.0396825
0 0.573247 0.786458 0.0578704 0.0436508
0 0.773148 0.434276 0.0654762 0.0421627
0 0.275794 0.584697 0.0628307 0.0587798
0 0.386905 0.450397 0.0654762 0.0525794
1 0.383763 0.450521 0.0625 0.0533234
1 0.371693 0.665303 0.0753968 0.0548115
0 0.519511 0.488095 0.0555556 0.0411706
1 0.622355 0.47557 0.0615079 0.0513393
1 0.91584 0.518849 0.0651455 0.0515873
1 0.453704 0.805928 0.0595238 0.0538194
1 0.58168 0.593378 0.0654762 0.0538194
0 0.76455 0.533854 0.0667989 0.047371
0 0.719081 0.769841 0.0737434 0.0550595
0 0.624504 0.476935 0.0658069 0.0500992
1 0.604167 0.404266 0.0601852 0.046627
0 0.259425 0.459325 0.0565476 0.0431548
1 0.488095 0.683036 0.0542328 0.0595238
1 0.719081 0.772445 0.0651455 0.0612599
1 0.287698 0.357763 0.0575397 0.0652282
0 0.375661 0.665923 0.0813492 0.0570436
0 0.118056 0.406374 0.0753968 0.0587798
0 0.173446 0.66307 0.0585317 0.0448909
1 0.559855 0.287078 0.0701058 0.0562996
1 0.437169 0.156994 0.0727513 0.0669643
1 0.170304 0.294891 0.0628307 0.0386905
1 0.118386 0.406002 0.0674603 0.0565476
0 0.887235 0.362847 0.0535714 0.0421627
0 0.579365 0.59251 0.0806878 0.0610119
0 0.242063 0.74504 0.0767196 0.0565476
0 0.65873 0.1813 0.0681217 0.0525794
0 0.457176 0.37376 0.0499339 0.0386905
0 0.28869 0.353547 0.0727513 0.0567956
0 0.401951 0.287574 0.0638228 0.0443948
0 0.48793 0.681548 0.0651455 0.0540675
0 0.339616 0.791419 0.0667989 0.0436508
0 0.452877 0.805184 0.0598545 0.0523314
0 0.259755 0.215526 0.073082 0.0535714
0 0.113261 0.545635 0.0539021 0.0391865
0 0.913525 0.517113 0.0823413 0.0550595
0 0.847553 0.666915 0.0793651 0.0555556
0 0.168155 0.295511 0.0512566 0.0359623
0 0.477017 0.591022 0.0644841 0.0486111
0 0.604993 0.404142 0.0618386 0.0448909
0 0.707341 0.616071 0.0641534 0.0451389
0 0.618717 0.690352 0.0674603 0.0488591
