1 0.762731 0.450273 0.0565476 0.0508433
1 0.477183 0.703249 0.0641534 0.0508433
1 0.271825 0.233135 0.0694444 0.0600198
0 0.466931 0.615823 0.0469577 0.0337302
0 0.115245 0.423983 0.073082 0.0582837
0 0.606481 0.708085 0.0687831 0.0500992
1 0.36293 0.68688 0.0724206 0.0498512
1 0.803737 0.294395 0.0539021 0.0406746
1 0.169974 0.683408 0.0548942 0.0488591
0 0.165675 0.683284 0.0701058 0.0481151
0 0.416832 0.309276 0.0565476 0.0386905
0 0.573743 0.306672 0.077381 0.0696925
0 0.70172 0.773562 0.0648148 0.0540675
0 0.261905 0.608879 0.0707672 0.0505952
1 0.113922 0.428571 0.0810185 0.0689484
0 0.508267 0.509301 0.0694444 0.0478671
1 0.380456 0.469742 0.0737434 0.0575397
0 0.290509 0.374752 0.0532407 0.0520833
0 0.828042 0.679067 0.0780423 0.0510913
0 0.80043 0.295139 0.0724206 0.0436508
0 0.694114 0.335565 0.0548942 0.0446429
0 0.598876 0.424107 0.0555556 0.0426587
0 0.893519 0.53187 0.0720899 0.0518353
0 0.689319 0.6312 0.0545635 0.0411706
0 0.437004 0.823289 0.0658069 0.046875
0 0.74504 0.548983 0.0595238 0.0404266
0 0.256944 0.481027 0.0548942 0.0344742
0 0.615575 0.493056 0.0810185 0.0550595
1 0.616898 0.494668 0.067791 0.0597718
1 0.570437 0.30816 0.0648148 0.0731647
0 0.561177 0.615451 0.0806878 0.0543155
1 0.604497 0.707341 0.0615079 0.0540675
0 0.0902778 0.573785 0.0542328 0.0409226
0 0.472553 0.700025 0.0555556 0.0483631
0 0.443783 0.168279 0.0793651 0.0558036
0 0.462467 0.395213 0.0625 0.0429067
0 0.655093 0.199653 0.0509259 0.0491071
0 0.877976 0.383433 0.0734127 0.0456349
0 0.557044 0.799231 0.0591931 0.0384425
0 0.228505 0.766617 0.0760582 0.0486111
0 0.377645 0.569568 0.0568783 0.0434028
0 0.322751 0.814732 0.0714286 0.0496032
0 0.173446 0.317708 0.0644841 0.0441468
