0 0.388889 0.458829 0.077381 0.0540675
0 0.378142 0.675471 0.0790344 0.0592758
1 0.518353 0.491567 0.0539021 0.046131
1 0.577381 0.627728 0.0628307 0.046627
1 0.575728 0.290303 0.0661376 0.0577877
0 0.100198 0.563864 0.0687831 0.0458829
1 0.852679 0.68192 0.0605159 0.0592758
1 0.474702 0.585317 0.067791 0.0496032
0 0.330026 0.347346 0.0747354 0.0577877
1 0.377315 0.673735 0.0714286 0.0592758
0 0.476852 0.587922 0.0542328 0.0548115
1 0.444114 0.173363 0.0747354 0.0734127
0 0.727348 0.78125 0.0770503 0.047619
1 0.386574 0.455481 0.0648148 0.0567956
0 0.589616 0.799727 0.0555556 0.0434028
1 0.329861 0.34809 0.0565476 0.0543155
0 0.462798 0.385417 0.0631614 0.0446429
0 0.386574 0.558904 0.0562169 0.0429067
1 0.454696 0.28249 0.0548942 0.0560516
1 0.803406 0.255084 0.0658069 0.0518353
0 0.626653 0.707589 0.0588624 0.047619
0 0.576058 0.291791 0.0760582 0.0647321
1 0.272983 0.217882 0.0750661 0.0701885
0 0.771495 0.447297 0.0661376 0.0483631
0 0.875331 0.375868 0.0608466 0.0438988
0 0.759755 0.544891 0.0585317 0.0451389
0 0.617394 0.503224 0.0621693 0.0515873
0 0.662037 0.18998 0.0740741 0.0510913
1 0.140212 0.41245 0.077381 0.0714286
0 0.493386 0.69308 0.0701058 0.0493552
0 0.908069 0.529142 0.0641534 0.0607639
0 0.457672 0.81498 0.0714286 0.0515873
0 0.262731 0.591766 0.0750661 0.0515873
0 0.852183 0.681796 0.0634921 0.0565476
0 0.519015 0.490327 0.0737434 0.0530754
0 0.454365 0.281374 0.0615079 0.0448909
0 0.605655 0.415923 0.0684524 0.0456349
0 0.707176 0.329365 0.0618386 0.0411706
0 0.5792 0.631944 0.0625 0.0575397
0 0.340608 0.804315 0.0608466 0.046131
0 0.706515 0.63244 0.0658069 0.0441468
0 0.16832 0.299975 0.0548942 0.0349702
0 0.157903 0.690476 0.0744048 0.0515873
