0 0.851356 0.659226 0.0763889 0.062004
1 0.621528 0.455605 0.0638228 0.0580357
1 0.83631 0.267981 0.0582011 0.0438988
0 0.330026 0.780506 0.0608466 0.0431548
1 0.110946 0.361855 0.0697751 0.0605159
0 0.368221 0.647321 0.0684524 0.0540675
1 0.234292 0.730283 0.0565476 0.0558036
1 0.300926 0.177951 0.0648148 0.0528274
1 0.298446 0.322049 0.0525794 0.0607639
0 0.437831 0.260789 0.0595238 0.0419147
1 0.621528 0.683656 0.051918 0.047371
1 0.703042 0.606275 0.0621693 0.0429067
1 0.903935 0.506944 0.0631614 0.0600198
0 0.586971 0.778522 0.0555556 0.0481151
1 0.566303 0.583085 0.0737434 0.0575397
0 0.16121 0.637153 0.0691138 0.0520833
0 0.383267 0.424603 0.0740741 0.0575397
0 0.485284 0.118428 0.078373 0.0572917
0 0.610946 0.383929 0.0539021 0.046627
0 0.620701 0.68254 0.0555556 0.0486111
0 0.727513 0.761409 0.0714286 0.0525794
0 0.906911 0.50744 0.073082 0.0724206
0 0.702216 0.607019 0.0565476 0.0394345
0 0.112765 0.365699 0.0800265 0.0642361
1 0.486938 0.670511 0.0505952 0.0528274
0 0.23082 0.728919 0.0760582 0.0496032
0 0.894345 0.352431 0.0539021 0.0401786
0 0.718419 0.299355 0.0611772 0.0451389
0 0.296462 0.31994 0.0631614 0.0560516
1 0.594742 0.261285 0.0757275 0.0592758
0 0.832011 0.269469 0.0694444 0.0453869
0 0.184689 0.258433 0.0611772 0.0411706
0 0.773975 0.418775 0.0770503 0.0543155
1 0.484623 0.12066 0.0724206 0.063244
0 0.375992 0.529886 0.0601852 0.0394345
0 0.756614 0.520337 0.0595238 0.046627
0 0.0760582 0.523313 0.0535714 0.0401786
0 0.693948 0.159846 0.0697751 0.0498512
0 0.506448 0.46689 0.067791 0.046875
0 0.475529 0.344618 0.0654762 0.0508433
0 0.25 0.429563 0.0509259 0.0421627
0 0.258102 0.565848 0.0803571 0.0553075
0 0.457837 0.790179 0.0651455 0.0486111
0 0.482639 0.668279 0.0697751 0.0483631
